"X";"TRAINRUN";"TFZ";"NUM_TFZ";"VMAX";"TOTALLENGTH";"TOTALWEIGHT";"BREAKCLASS";"BrH";"LZB";"ELECTRIC";"TRAINCLASS";"T10km";"T10SYS";"STABFQ";"NAME"
1;1009;"185-2";1;100;619;1675;"P";78;TRUE;1;"FGz";502,506316794503;502,506316794503;1;"G3"
2;32839;"6186-1";2;80;644;2342;"G";80;TRUE;1;"FGz";556,357358569549;556,357358569549;1;"no"
3;32840;"6186-1";1;100;628;1674;"P";80;TRUE;1;"FGz";502,42900718873;502,506316794503;1,00015387170061;"G3"
4;40008;"185-2";1;100;594;1485;"P";78;TRUE;1;"FGz";488,371856631382;502,506316794503;1,02894200386692;"G3"
5;40564;"189-2";1;100;469;1386;"P";78;TRUE;1;"FGz";477,716033082558;502,506316794503;1,0518933466645;"G3"
6;40565;"189-2";1;100;579;1676;"P";78;TRUE;1;"FGz";497,371278745903;502,506316794503;1,01032435580428;"G3"
7;40578;"145-2";1;100;558;1380;"P";78;FALSE;1;"FGz";491,490930467792;644,51326657475;1,31134315329342;"s90"
8;41139;"182-2";1;120;719;1676;"P";78;TRUE;1;"FGz";497,636296930178;502,506316794503;1,00978630356018;"G3"
9;41802;"185-2";1;120;609;1685;"P";78;TRUE;1;"FGz";503,276651688776;502,506316794503;1;"G3"
10;41903;"185-2";1;100;639;1675;"P";78;FALSE;1;"FGz";502,506316794503;502,506316794503;1;"G3"
11;42164;"185-2";1;100;559;1385;"P";78;FALSE;1;"FGz";481,28110084307;502,506316794503;1,04410149476938;"G3"
12;42176;"185-2";1;100;559;1385;"P";78;FALSE;1;"FGz";481,28110084307;502,506316794503;1,04410149476938;"G3"
13;42177;"185-2";1;100;559;1625;"P";78;FALSE;1;"FGz";498,696143194552;502,506316794503;1,00764027083816;"G3"
14;42903;"185-2";1;100;669;1675;"P";78;FALSE;1;"FGz";502,506316794503;502,506316794503;1;"G3"
15;42931;"185-2";1;100;639;1675;"P";78;FALSE;1;"FGz";502,506316794503;502,506316794503;1;"G3"
16;42948;"182-2";2;100;688;2017;"G";75;TRUE;1;"GzG";483,973472495562;644,51326657475;1,33171197018585;"s90"
17;42949;"182-2";1;100;669;1836;"G";75;TRUE;1;"FGz";538,997417459229;644,51326657475;1,19576318122805;"s90"
18;43016;"Re 482-2";1;100;594;1484;"P";75;TRUE;1;"FGz";484,035282184807;502,506316794503;1,03816051285833;"G3"
19;43108;"189-2";1;100;269;1286;"P";78;FALSE;1;"FGz";471,272587828849;502,506316794503;1,06627529326403;"G3"
20;43109;"189-2";1;100;269;1086;"P";78;TRUE;1;"FGz";458,846885120427;502,506316794503;1,0951503281157;"G3"
21;43171;"151-1";1;100;429;1318;"P";78;FALSE;1;"FGz";476,093852585594;502,506316794503;1,05547743174054;"G3"
22;43220;"145-2";1;100;558;1380;"P";70;TRUE;1;"FGz";491,490930467792;644,51326657475;1,31134315329342;"s90"
23;43221;"151-1";1;100;559;1653;"P";67;TRUE;1;"FGz";499,760234745063;644,51326657475;1,28964495725341;"s90"
24;43229;"151-1";1;100;369;1653;"P";67;TRUE;1;"FGz";499,760234745063;644,51326657475;1,28964495725341;"s90"
25;43230;"151-1";1;100;559;1418;"P";70;TRUE;1;"FGz";482,898297135639;502,506316794503;1,04060486395411;"G3"
26;43231;"151-1";1;100;559;1653;"P";78;TRUE;1;"FGz";499,760234745063;644,51326657475;1,28964495725341;"s90"
27;43249;"151-1";1;100;509;1653;"P";78;TRUE;1;"FGz";499,760234745063;644,51326657475;1,28964495725341;"s90"
28;43762;"145-2";1;100;538;1380;"P";78;FALSE;1;"FGz";491,490930467792;644,51326657475;1,31134315329342;"s90"
29;43940;"182-1";1;100;669;1686;"P";75;TRUE;1;"FGz";498,345514673602;502,506316794503;1,00834923160415;"G3"
30;43941;"182-1";1;100;669;1676;"P";78;TRUE;1;"FGz";497,636296930178;502,506316794503;1,00978630356018;"G3"
31;43958;"182-2";2;100;688;2017;"G";75;TRUE;1;"GzG";483,973472495562;644,51326657475;1,33171197018585;"s90"
32;43986;"185-2";1;80;619;1085;"P";58;TRUE;1;"NGz";528,506372008478;528,506372008478;1;"no"
33;48885;"152-3";1;100;319;1437;"P";72;TRUE;1;"NGz";481,495971466653;502,506316794503;1,04363555787155;"G3"
34;48906;"155-1";1;100;369;1458;"P";67;FALSE;1;"FGz";494,930748162573;644,51326657475;1,30222918856325;"s90"
35;48924;"185-2";1;100;609;1085;"P";66;FALSE;1;"FGz";461,23418752578;502,506316794503;1,08948193864406;"G3"
36;48929;"185-2";1;100;609;885;"P";78;FALSE;1;"FGz";448,755855467238;502,506316794503;1,11977662390901;"G3"
37;48987;"185-2";2;90;398;1880;"P";70;TRUE;1;"NGz";481,591235936846;644,51326657475;1,33829940929255;"s90"
38;49156;"185-2";1;100;569;1525;"P";67;FALSE;1;"FGz";491,272361281666;502,506316794503;1,02286706193593;"G3"
39;50033;"152-3";1;120;699;1587;"P";85;TRUE;1;"FGz";491,64402149005;502,506316794503;1,02209382160599;"G3"
40;50035;"152-3";1;120;719;1687;"P";82;TRUE;1;"FGz";498,636400655582;502,506316794503;1,00776099806158;"G3"
41;50062;"152-3";1;120;649;1617;"P";78;TRUE;1;"FGz";493,721997516041;502,506316794503;1,01779203544233;"G3"
42;50081;"152-3";1;100;719;1677;"P";78;TRUE;1;"FGz";497,928601797048;502,506316794503;1,00919351686353;"G3"
43;50085;"152-3";1;100;699;1622;"P";78;TRUE;1;"FGz";494,069950523591;502,506316794503;1,01707524665682;"G3"
44;50088;"152-3";1;100;719;1837;"G";70;FALSE;1;"GzG";539,25565391154;644,51326657475;1,19519055924535;"s90"
45;50096;"152-3";1;120;669;1687;"P";78;TRUE;1;"FGz";498,636400655582;502,506316794503;1,00776099806158;"G3"
46;50109;"152-3";1;100;719;1622;"P";78;FALSE;1;"FGz";494,069950523591;502,506316794503;1,01707524665682;"G3"
47;50111;"152-3";1;120;719;1622;"P";78;TRUE;1;"FGz";494,069950523591;502,506316794503;1,01707524665682;"G3"
48;50121;"151-1";1;120;719;1653;"P";78;TRUE;1;"FGz";499,760234745063;644,51326657475;1,28964495725341;"s90"
49;50124;"151-1";1;120;719;1593;"P";78;TRUE;1;"FGz";495,330427114311;502,506316794503;1,01448707627754;"G3"
50;50131;"152-3";1;100;719;1622;"P";78;FALSE;1;"FGz";494,069950523591;502,506316794503;1,01707524665682;"G3"
51;50134;"152-2";1;120;719;1562;"P";78;TRUE;1;"FGz";490,636483221005;502,506316794503;1,02419272512222;"G3"
52;50136;"151-1";1;120;719;1593;"P";78;TRUE;1;"FGz";495,330427114311;502,506316794503;1,01448707627754;"G3"
53;50140;"151-1";1;120;699;1593;"P";78;TRUE;1;"FGz";495,330427114311;502,506316794503;1,01448707627754;"G3"
54;50141;"152-3";1;100;699;1622;"P";78;TRUE;1;"FGz";494,069950523591;502,506316794503;1,01707524665682;"G3"
55;50142;"151-1";1;120;699;1593;"P";78;TRUE;1;"FGz";495,330427114311;502,506316794503;1,01448707627754;"G3"
56;50143;"151-1";1;100;699;1653;"P";78;TRUE;1;"FGz";499,760234745063;644,51326657475;1,28964495725341;"s90"
57;50166;"152-3";1;120;719;1617;"P";78;TRUE;1;"FGz";493,721997516041;502,506316794503;1,01779203544233;"G3"
58;50168;"152-3";1;120;719;1617;"P";78;TRUE;1;"NGz";493,721997516041;502,506316794503;1,01779203544233;"G3"
59;50185;"152-3";1;100;719;1622;"P";78;FALSE;1;"FGz";494,069950523591;502,506316794503;1,01707524665682;"G3"
60;50193;"152-3";1;100;719;1622;"P";78;TRUE;1;"FGz";494,069950523591;502,506316794503;1,01707524665682;"G3"
61;50195;"152-3";1;100;719;1622;"P";78;TRUE;1;"FGz";494,069950523591;502,506316794503;1,01707524665682;"G3"
62;50199;"152-3";1;120;629;1387;"P";78;TRUE;1;"FGz";478,199095311769;502,506316794503;1,05083075589444;"G3"
63;50200;"152-3";1;120;629;1467;"P";79;TRUE;1;"FGz";483,494238115164;502,506316794503;1,03932224456998;"G3"
64;50250;"152-3";1;120;589;1617;"P";78;TRUE;1;"FGz";493,721997516041;502,506316794503;1,01779203544233;"G3"
65;50283;"152-3";1;120;619;1682;"P";78;TRUE;1;"FGz";498,282258857134;502,506316794503;1,00847723928012;"G3"
66;50521;"185-2";1;100;719;1675;"P";70;FALSE;1;"FGz";502,506316794503;502,506316794503;1;"G3"
67;50536;"151-1";1;120;579;1518;"P";75;TRUE;1;"FGz";489,916502941419;502,506316794503;1,02569787663305;"G3"
68;50562;"185-2";1;100;719;1615;"P";78;TRUE;1;"FGz";497,9422080962;502,506316794503;1,00916594059329;"G3"
69;50563;"151-1";1;100;609;1518;"P";78;FALSE;1;"FGz";489,916502941419;502,506316794503;1,02569787663305;"G3"
70;50571;"151-1";1;120;699;1688;"P";70;TRUE;1;"FGz";502,38673929893;644,51326657475;1,28290262492628;"s90"
71;51067;"185-2";1;100;689;1675;"P";68;FALSE;1;"FGz";502,506316794503;502,506316794503;1;"G3"
72;51487;"185-2";1;120;719;1585;"P";70;TRUE;1;"FGz";495,696113394367;502,506316794503;1,01373866612248;"G3"
73;51571;"185-2";1;100;719;1675;"P";68;FALSE;1;"FGz";502,506316794503;502,506316794503;1;"G3"
74;51575;"185-2";1;100;719;1675;"P";68;FALSE;1;"FGz";502,506316794503;502,506316794503;1;"G3"
75;51577;"185-2";1;100;699;1675;"P";68;FALSE;1;"FGz";502,506316794503;502,506316794503;1;"G3"
76;51581;"152-3";1;120;719;1462;"P";70;TRUE;1;"FGz";483,160130391067;502,506316794503;1,04004094126677;"G3"
77;51593;"185-2";1;100;719;1520;"P";67;FALSE;1;"FGz";490,907711572917;502,506316794503;1,02362685480011;"G3"
78;51601;"185-2";1;100;719;1625;"P";65;FALSE;1;"FGz";498,696143194552;502,506316794503;1,00764027083816;"G3"
79;51607;"185-2";1;100;719;1625;"P";65;FALSE;1;"FGz";498,696143194552;502,506316794503;1,00764027083816;"G3"
80;51625;"185-2";1;100;719;1625;"P";65;TRUE;1;"FGz";498,696143194552;502,506316794503;1,00764027083816;"G3"
81;51627;"185-2";1;100;719;1625;"P";65;FALSE;1;"FGz";498,696143194552;502,506316794503;1,00764027083816;"G3"
82;51629;"185-2";1;100;689;1625;"P";65;FALSE;1;"FGz";498,696143194552;502,506316794503;1,00764027083816;"G3"
83;51632;"185-2";1;100;719;1615;"P";70;TRUE;1;"FGz";497,9422080962;502,506316794503;1,00916594059329;"G3"
84;51633;"185-2";1;100;719;1625;"P";65;TRUE;1;"FGz";498,696143194552;502,506316794503;1,00764027083816;"G3"
85;51634;"185-2";1;100;719;1615;"P";70;TRUE;1;"FGz";497,9422080962;502,506316794503;1,00916594059329;"G3"
86;51642;"185-2";1;100;719;1615;"P";70;TRUE;1;"FGz";497,9422080962;502,506316794503;1,00916594059329;"G3"
87;51648;"185-2";1;120;719;1415;"P";78;TRUE;1;"FGz";483,385000821238;502,506316794503;1,03955711480658;"G3"
88;51820;"185-2";1;100;719;1485;"P";70;FALSE;1;"FGz";488,371856631382;502,506316794503;1,02894200386692;"G3"
89;51826;"185-2";1;100;709;1685;"P";70;FALSE;1;"FGz";503,276651688776;502,506316794503;1;"G3"
90;51828;"185-2";1;100;719;1485;"P";70;FALSE;1;"FGz";488,371856631382;502,506316794503;1,02894200386692;"G3"
91;51838;"185-2";1;100;719;1485;"P";70;FALSE;1;"FGz";488,371856631382;502,506316794503;1,02894200386692;"G3"
92;51880;"185-2";1;100;719;1615;"P";70;TRUE;1;"FGz";497,9422080962;502,506316794503;1,00916594059329;"G3"
93;51882;"185-2";1;100;719;1615;"P";70;FALSE;1;"FGz";497,9422080962;502,506316794503;1,00916594059329;"G3"
94;52271;"155-1";1;100;719;1493;"P";67;FALSE;1;"FGz";497,887969741989;644,51326657475;1,29449455649379;"s90"
95;52280;"155-1";1;100;719;1723;"P";68;FALSE;1;"FGz";518,721061789015;644,51326657475;1,24250452517176;"s90"
96;52281;"155-1";1;100;719;1663;"P";66;FALSE;1;"FGz";513,027303274782;644,51326657475;1,2562942799743;"s90"
97;52282;"155-1";1;100;719;1723;"P";68;FALSE;1;"FGz";518,721061789015;644,51326657475;1,24250452517176;"s90"
98;52284;"155-1";1;100;719;1723;"P";68;FALSE;1;"FGz";518,721061789015;644,51326657475;1,24250452517176;"s90"
99;52287;"155-1";1;100;719;1663;"P";67;FALSE;1;"FGz";513,027303274782;644,51326657475;1,2562942799743;"s90"
100;60026;"155-1";1;100;721;923;"P";75;FALSE;1;"FGz";454,805151420173;502,506316794503;1,10488264089661;"G3"
101;60028;"155-1";1;100;669;923;"P";69;FALSE;1;"FGz";454,805151420173;502,506316794503;1,10488264089661;"G3"
102;60069;"155-1";1;100;569;723;"P";69;FALSE;1;"FGz";441,707912382907;502,506316794503;1,13764391061868;"G3"
103;60076;"155-1";1;100;569;723;"P";69;FALSE;1;"FGz";441,707912382907;502,506316794503;1,13764391061868;"G3"
104;60077;"185-2";1;100;694;885;"P";68;FALSE;1;"FGz";448,755855467238;502,506316794503;1,11977662390901;"G3"
105;60080;"155-1";1;100;669;1323;"P";61;FALSE;1;"FGz";483,963555387067;502,506316794503;1,03831437553724;"G3"
106;60081;"155-1";1;100;694;1223;"P";78;FALSE;1;"FGz";476,24431923425;502,506316794503;1,05514395972739;"G3"
107;60082;"185-2";1;100;669;1285;"P";61;FALSE;1;"FGz";474,404891661309;502,506316794503;1,05923510829491;"G3"
108;60084;"185-2";1;120;669;1385;"P";66;TRUE;1;"FGz";481,28110084307;502,506316794503;1,04410149476938;"G3"
109;60085;"155-1";1;100;699;1223;"P";69;FALSE;1;"FGz";476,24431923425;502,506316794503;1,05514395972739;"G3"
110;60086;"152-3";1;100;719;1517;"P";70;TRUE;1;"FGz";486,8590536217;502,506316794503;1,03213920549778;"G3"
111;60088;"155-1";1;100;669;1323;"P";61;TRUE;1;"FGz";483,963555387067;502,506316794503;1,03831437553724;"G3"
112;60090;"155-1";1;100;669;1323;"P";60;FALSE;1;"FGz";483,963555387067;502,506316794503;1,03831437553724;"G3"
113;60093;"155-1";1;100;694;973;"P";81;FALSE;1;"FGz";458,21827402222;502,506316794503;1,09665272051139;"G3"
114;60095;"185-2";1;120;719;1525;"P";77;TRUE;1;"FGz";491,272361281666;502,506316794503;1,02286706193593;"G3"
115;60116;"185-2";1;120;669;1285;"P";74;TRUE;1;"FGz";474,404891661309;502,506316794503;1,05923510829491;"G3"
116;60121;"155-1";1;100;721;923;"P";69;FALSE;1;"FGz";454,805151420173;502,506316794503;1,10488264089661;"G3"
117;60125;"155-1";1;100;532;923;"P";75;TRUE;1;"FGz";454,805151420173;502,506316794503;1,10488264089661;"G3"
118;60801;"155-1";1;100;739;1323;"P";67;FALSE;1;"FGz";483,963555387067;502,506316794503;1,03831437553724;"G3"
119;60803;"155-1";1;100;739;1323;"P";69;FALSE;1;"FGz";483,963555387067;502,506316794503;1,03831437553724;"G3"
120;60818;"155-1";2;80;589;3075;"P";61;FALSE;1;"FGz";552,497663853751;552,497663853751;1;"no"
121;60832;"185-2";1;100;419;1685;"P";62;FALSE;1;"FGz";503,276651688776;502,506316794503;1;"G3"
122;60984;"155-1";1;100;419;723;"P";78;FALSE;1;"FGz";441,707912382907;502,506316794503;1,13764391061868;"G3"
123;62022;"185-2";1;90;469;1535;"P";70;TRUE;1;"NGz";515,405664058586;644,51326657475;1,25049705798632;"s90"
124;62036;"185-2";1;100;549;885;"P";80;TRUE;1;"NGz";448,755855467238;502,506316794503;1,11977662390901;"G3"
125;62246;"155-1";1;100;419;723;"P";86;TRUE;1;"NGz";441,707912382907;502,506316794503;1,13764391061868;"G3"
126;62529;"185-2";1;100;419;1685;"P";60;TRUE;1;"NGz";503,276651688776;502,506316794503;1;"G3"
127;68917;"185-2";1;100;719;1285;"P";69;FALSE;1;"FGz";474,404891661309;502,506316794503;1,05923510829491;"G3"
128;69062;"185-2";1;100;619;1615;"P";78;TRUE;1;"FGz";497,9422080962;502,506316794503;1,00916594059329;"G3"
129;69064;"185-2";1;100;619;1615;"P";78;TRUE;1;"FGz";497,9422080962;502,506316794503;1,00916594059329;"G3"
130;69066;"182-2";1;120;720;1616;"P";78;TRUE;1;"FGz";493,42282829846;502,506316794503;1,0184091371033;"G3"
131;69067;"182-2";1;120;720;1676;"P";78;TRUE;1;"FGz";497,636296930178;502,506316794503;1,00978630356018;"G3"
132;69071;"182-2";1;120;679;1676;"P";78;TRUE;1;"FGz";497,636296930178;502,506316794503;1,00978630356018;"G3"
133;69072;"185-2";1;100;719;1615;"P";78;TRUE;1;"NGz";497,9422080962;502,506316794503;1,00916594059329;"G3"
134;69073;"185-2";1;100;719;1675;"P";78;TRUE;1;"FGz";502,506316794503;502,506316794503;1;"G3"
135;69078;"182-2";1;100;719;1881;"G";73;TRUE;1;"GzG";542,361208468684;644,51326657475;1,18834691071377;"s90"
136;69079;"185-2";1;100;719;1675;"P";78;TRUE;1;"FGz";502,506316794503;502,506316794503;1;"G3"
137;69141;"182-2";1;120;720;1676;"P";78;TRUE;1;"FGz";497,636296930178;502,506316794503;1,00978630356018;"G3"
138;69159;"182-2";1;120;719;1676;"P";78;TRUE;1;"FGz";497,636296930178;502,506316794503;1,00978630356018;"G3"
139;69161;"182-2";1;120;679;1611;"P";78;TRUE;1;"FGz";493,074889381699;502,506316794503;1,01912777879367;"G3"
140;69163;"182-2";1;120;720;1661;"P";78;TRUE;1;"FGz";496,576243840054;502,506316794503;1,01194191834187;"G3"
141;69168;"182-2";1;120;709;1616;"P";78;TRUE;1;"FGz";493,42282829846;502,506316794503;1,0184091371033;"G3"
142;69169;"182-2";1;120;720;1676;"P";78;TRUE;1;"FGz";497,636296930178;502,506316794503;1,00978630356018;"G3"
143;69193;"185-2";1;100;684;1085;"P";68;TRUE;1;"NGz";461,23418752578;502,506316794503;1,08948193864406;"G3"
144;69197;"185-2";1;100;684;1085;"P";68;TRUE;1;"NGz";461,23418752578;502,506316794503;1,08948193864406;"G3"
145;69269;"185-2";1;100;719;1285;"P";69;TRUE;1;"NGz";474,404891661309;502,506316794503;1,05923510829491;"G3"
146;69275;"182-2";1;120;720;1676;"P";78;TRUE;1;"FGz";497,636296930178;502,506316794503;1,00978630356018;"G3"
147;69279;"182-2";1;120;720;1676;"P";78;TRUE;1;"FGz";497,636296930178;502,506316794503;1,00978630356018;"G3"
148;69293;"185-2";1;100;719;1285;"P";69;FALSE;1;"NGz";474,404891661309;502,506316794503;1,05923510829491;"G3"
149;69307;"182-2";1;120;719;1676;"P";78;TRUE;1;"FGz";497,636296930178;502,506316794503;1,00978630356018;"G3"
150;69312;"182-2";1;120;679;1616;"P";78;TRUE;1;"FGz";493,42282829846;502,506316794503;1,0184091371033;"G3"
151;69360;"182-2";1;100;720;1616;"P";78;TRUE;1;"NGz";493,42282829846;502,506316794503;1,0184091371033;"G3"
152;69428;"155-1";1;100;569;2073;"P";58;TRUE;1;"NGz";561,720279669742;644,51326657475;1,14739184234845;"s90"
153;75730;"185-2";1;100;714;1285;"P";69;TRUE;1;"FGz";474,404891661309;502,506316794503;1,05923510829491;"G3"
154;75732;"185-2";1;100;684;1285;"P";68;TRUE;1;"FGz";474,404891661309;502,506316794503;1,05923510829491;"G3"
155;75733;"185-2";1;120;684;935;"P";92;TRUE;1;"FGz";451,815223380249;502,506316794503;1,11219430154436;"G3"
156;75734;"185-2";1;100;684;1285;"P";67;TRUE;1;"FGz";474,404891661309;502,506316794503;1,05923510829491;"G3"
157;75736;"185-2";1;100;714;1285;"P";78;TRUE;1;"FGz";474,404891661309;502,506316794503;1,05923510829491;"G3"
158;75738;"185-2";1;100;719;1385;"P";69;TRUE;1;"FGz";481,28110084307;502,506316794503;1,04410149476938;"G3"
159;75739;"185-2";1;100;714;1285;"P";72;TRUE;1;"FGz";474,404891661309;502,506316794503;1,05923510829491;"G3"
160;75748;"185-2";1;100;714;1335;"P";69;TRUE;1;"FGz";477,8172404082;502,506316794503;1,05167054325041;"G3"
161;75749;"185-2";1;120;714;1385;"P";69;TRUE;1;"FGz";481,28110084307;502,506316794503;1,04410149476938;"G3"
162;75799;"146-3";1;100;419;684;"P";109;TRUE;1;"NGz";437,15995772911;502,506316794503;1,14947928763843;"G3"
163;79425;"ER 20D-5";1;100;559;730;"P";80;FALSE;0;"NGz";525,006938707552;644,51326657475;1,22762809223321;"s90"
164;83742;"182-2";1;120;709;1616;"P";78;TRUE;1;"FGz";493,42282829846;502,506316794503;1,0184091371033;"G3"
165;83748;"182-2";1;120;644;1616;"P";78;TRUE;1;"FGz";493,42282829846;502,506316794503;1,0184091371033;"G3"
166;91211;"185-2";1;100;669;1285;"P";68;TRUE;1;"NGz";474,404891661309;502,506316794503;1,05923510829491;"G3"
167;91264;"Re 482-2";1;100;699;1684;"P";70;TRUE;1;"FGz";498,134981040961;502,506316794503;1,00877540409711;"G3"
168;95325;"185-2";1;100;719;1335;"P";69;TRUE;1;"FGz";477,8172404082;502,506316794503;1,05167054325041;"G3"
169;95350;"Re 482-2";1;100;719;1684;"P";70;TRUE;1;"FGz";498,134981040961;502,506316794503;1,00877540409711;"G3"
170;95354;"Re 482-2";1;100;699;1684;"P";70;TRUE;1;"FGz";498,134981040961;502,506316794503;1,00877540409711;"G3"
171;95355;"Re 482-2";1;100;679;1674;"P";70;TRUE;1;"FGz";497,406623153136;502,506316794503;1,01025256481114;"G3"
172;95359;"Re 482-2";1;100;719;1674;"P";70;TRUE;1;"FGz";497,406623153136;502,506316794503;1,01025256481114;"G3"
173;95430;"189-2";1;100;679;1686;"P";80;TRUE;1;"NGz";498,07686857548;502,506316794503;1,00889310164451;"G3"
174;95442;"185-2";1;100;701;1335;"P";62;TRUE;1;"NGz";477,8172404082;502,506316794503;1,05167054325041;"G3"
175;32833;"185CL1-1";1;100;519;834;"P";100;TRUE;1;"NGz";445,624867266117;502,506316794503;1,12764424453543;"G3"
176;41356;"145-2";1;120;648;1680;"P";70;TRUE;1;"FGz";520,48741575077;644,51326657475;1,23828789528961;"s90"
177;41360;"145-2";1;110;628;1680;"P";70;FALSE;1;"FGz";520,48741575077;644,51326657475;1,23828789528961;"s90"
178;41361;"145-2";1;120;628;1680;"P";70;TRUE;1;"FGz";520,48741575077;644,51326657475;1,23828789528961;"s90"
179;41775;"185-2";1;90;619;1935;"G";72;TRUE;1;"GzG";567,76291676611;644,51326657475;1,13518027955365;"s90"
180;42313;"6186-1";1;100;639;1684;"P";80;TRUE;1;"FGz";503,199131868519;502,506316794503;1;"G3"
181;42331;"189-2";1;100;649;1886;"G";69;TRUE;1;"GzG";542,384503687847;644,51326657475;1,18829587164179;"s90"
182;42357;"185-2";1;100;639;1685;"P";80;TRUE;1;"NGz";503,276651688776;502,506316794503;1;"G3"
183;42458;"155-1";1;100;599;1523;"P";80;TRUE;1;"FGz";500,463319195555;644,51326657475;1,2878331774859;"s90"
184;42465;"185-2";1;100;619;1885;"G";80;TRUE;1;"GzG";549,087623545267;644,51326657475;1,17378946262411;"s90"
185;42466;"155-1";1;100;618;1523;"P";80;TRUE;1;"NGz";500,463319195555;644,51326657475;1,2878331774859;"s90"
186;43303;"185CL1-1";1;100;599;984;"P";80;TRUE;1;"FGz";454,791070103033;502,506316794503;1,10491685045764;"G3"
187;43305;"185-2";1;100;639;1685;"P";80;FALSE;1;"FGz";503,276651688776;502,506316794503;1;"G3"
188;43555;"145-2";1;100;598;1879;"G";72;TRUE;1;"GzG";574,786903967805;644,51326657475;1,12130819635176;"s90"
189;45701;"145-2";1;100;517;2180;"G";65;TRUE;1;"GzG";601,45386677602;644,51326657475;1,07159219048593;"s90"
190;47302;"155-1";1;100;619;1123;"P";70;TRUE;1;"FGz";468,829936811837;502,506316794503;1,0718306945407;"G3"
191;47303;"155-1";1;100;619;823;"P";70;FALSE;1;"FGz";448,149852550641;502,506316794503;1,12129082255521;"G3"
192;47410;"151-1";1;90;569;2418;"P";58;TRUE;1;"FGz";574,60184668729;644,51326657475;1,12166932683999;"s90"
193;47754;"155-1";1;90;519;2088;"P";56;TRUE;1;"FGz";563,009548633629;644,51326657475;1,14476436170385;"s90"
194;47761;"185-2";1;100;419;1885;"G";62;FALSE;1;"GzG";549,087623545267;644,51326657475;1,17378946262411;"s90"
195;49315;"185-2";1;100;454;995;"P";70;TRUE;1;"NGz";455,538486587863;502,506316794503;1,10310397823561;"G3"
196;49390;"185-2";1;90;619;2385;"P";70;TRUE;1;"NGz";573,398983067931;644,51326657475;1,12402233977871;"s90"
197;49391;"185-2";1;90;499;1085;"P";55;TRUE;1;"NGz";489,456511810236;489,456511810236;1;"no"
198;51031;"155-1";1;90;519;2598;"G";60;FALSE;1;"GzG";644,643097456303;644,643097456303;1;"no"
199;51513;"155-1";1;100;509;1723;"P";65;FALSE;1;"FGz";518,721061789015;644,51326657475;1,24250452517176;"s90"
200;51515;"155-1";1;100;509;1723;"P";65;FALSE;1;"FGz";518,721061789015;644,51326657475;1,24250452517176;"s90"
201;51519;"155-1";1;100;594;1723;"P";65;FALSE;1;"FGz";518,721061789015;644,51326657475;1,24250452517176;"s90"
202;51525;"155-1";1;100;594;1723;"P";65;FALSE;1;"FGz";518,721061789015;644,51326657475;1,24250452517176;"s90"
203;53578;"185-2";1;100;719;1684;"P";70;TRUE;1;"NGz";503,199491063083;502,506316794503;1;"G3"
204;53711;"140-1";1;100;636;1383;"P";64;FALSE;1;"NGz";536,553354176113;644,51326657475;1,20121002237403;"s90"
205;53713;"140-1";1;100;636;1383;"P";64;FALSE;1;"NGz";536,553354176113;644,51326657475;1,20121002237403;"s90"
206;53717;"140-1";1;100;636;1383;"P";64;FALSE;1;"NGz";536,553354176113;644,51326657475;1,20121002237403;"s90"
207;53719;"140-1";1;100;636;1383;"P";64;FALSE;1;"NGz";536,553354176113;644,51326657475;1,20121002237403;"s90"
208;53723;"140-1";1;100;636;1283;"P";64;FALSE;1;"NGz";523,004047526515;644,51326657475;1,23232940475872;"s90"
209;53725;"140-1";1;100;636;1183;"P";64;FALSE;1;"NGz";510,457222817116;644,51326657475;1,26261954531235;"s90"
210;53791;"140-1";1;100;616;1383;"P";75;TRUE;1;"NGz";536,553354176113;644,51326657475;1,20121002237403;"s90"
211;53792;"140-1";1;100;716;1683;"P";65;FALSE;1;"NGz";584,330930251441;584,330930251441;1;"no"
212;53798;"261-1";1;100;576;880;"P";63;FALSE;0;"NGz";716,231620375069;716,231620375069;1;"no"
213;53803;"140-1";1;100;546;1683;"P";70;FALSE;1;"NGz";584,330930251441;584,330930251441;1;"no"
214;53804;"1265-1";1;100;546;1684;"P";64;FALSE;0;"NGz";726,119853319977;726,119853319977;1;"no"
215;53811;"1265-1";1;100;616;1084;"P";65;FALSE;0;"NGz";621,950875791778;621,950875791778;1;"no"
216;53812;"1265-1";1;90;616;1684;"P";50;FALSE;0;"NGz";726,119853319977;726,119853319977;1;"no"
217;53818;"261-1";1;100;616;1080;"P";50;FALSE;0;"NGz";819,292891501885;819,292891501885;1;"no"
218;60001;"155-1";2;80;698;1398;"P";67;FALSE;1;"FGz";511,300056538085;511,300056538085;1;"no"
219;60002;"155-1";1;100;534;1123;"P";69;FALSE;1;"FGz";468,829936811837;502,506316794503;1,0718306945407;"G3"
220;60009;"155-1";1;100;599;1723;"P";64;FALSE;1;"FGz";518,721061789015;644,51326657475;1,24250452517176;"s90"
221;60031;"140-1";1;100;596;1083;"P";61;FALSE;1;"FGz";498,70322654285;644,51326657475;1,29237837710154;"s90"
222;60070;"155-1";1;100;577;1323;"P";58;FALSE;1;"FGz";483,963555387067;502,506316794503;1,03831437553724;"G3"
223;60107;"155-1";1;100;639;1323;"P";78;FALSE;1;"FGz";483,963555387067;502,506316794503;1,03831437553724;"G3"
224;60129;"140-1";1;100;596;1083;"P";61;FALSE;1;"FGz";498,70322654285;644,51326657475;1,29237837710154;"s90"
225;60403;"151-1";1;90;464;2118;"P";66;TRUE;1;"FGz";552,323069760066;644,51326657475;1,16691353641037;"s90"
226;60404;"155-1";1;100;464;823;"P";80;TRUE;1;"FGz";448,149852550641;502,506316794503;1,12129082255521;"G3"
227;60520;"185-2";1;90;469;2635;"P";56;FALSE;1;"FGz";593,63315025473;593,63315025473;1;"no"
228;60536;"185-2";1;90;499;2735;"P";58;FALSE;1;"Gz";602,308647680442;602,308647680442;1;"no"
229;60585;"155-1";1;90;469;2223;"P";57;FALSE;1;"FGz";575,096272638294;575,096272638294;1;"no"
230;60621;"155-1";1;100;499;823;"P";100;FALSE;1;"FGz";448,149852550641;502,506316794503;1,12129082255521;"G3"
231;60652;"185-2";1;90;499;2785;"P";52;FALSE;1;"NGz";606,795154864956;606,795154864956;1;"no"
232;60692;"185-2";1;90;499;2785;"P";52;FALSE;1;"FGz";606,795154864956;606,795154864956;1;"no"
233;60790;"155-1";1;100;279;623;"P";70;FALSE;1;"NGz";435,46382218326;502,506316794503;1,15395651991276;"G3"
234;61128;"151-1";1;120;629;1398;"P";87;FALSE;1;"FGz";481,52080386335;502,506316794503;1,04358173678641;"G3"
235;62058;"185-2";1;90;419;1885;"P";70;TRUE;1;"NGz";537,631905914094;644,51326657475;1,19880025624397;"s90"
236;62150;"185-2";1;90;459;1955;"G";70;TRUE;1;"NGz";569,113996496076;644,51326657475;1,13248535538204;"s90"
237;62950;"185-2";1;100;419;685;"P";70;TRUE;1;"NGz";436,889953946585;502,506316794503;1,15018968107456;"G3"
238;62955;"185-2";1;90;339;1785;"P";56;TRUE;1;"NGz";531,075275018578;644,51326657475;1,2136005890167;"s90"
239;62957;"140-1";1;100;366;633;"P";70;FALSE;1;"NGz";452,83596217471;502,506316794503;1,10968730129395;"G3"
240;63273;"151-1";1;110;599;1418;"P";66;TRUE;1;"NGz";482,898297135639;502,506316794503;1,04060486395411;"G3"
241;63349;"143-6";1;100;467;882;"P";70;TRUE;1;"NGz";480,705912112479;502,506316794503;1,04535081456814;"G3"
242;69050;"185CL1-1";1;90;519;2684;"P";60;TRUE;1;"NGz";597,577251124666;597,577251124666;1;"no"
243;69052;"185-2";1;100;619;985;"P";80;TRUE;1;"NGz";454,913922669088;502,506316794503;1,10461846022689;"G3"
244;69068;"264-1";1;80;543;3456;"P";63;FALSE;0;"NGz";748,030440160666;748,030440160666;1;"no"
245;69088;"185-2";1;100;619;985;"P";80;TRUE;1;"NGz";454,913922669088;502,506316794503;1,10461846022689;"G3"
246;69243;"185-2";1;100;667;1185;"P";64;TRUE;1;"NGz";467,727181904121;502,506316794503;1,07435773723647;"G3"
247;69247;"250-1";1;100;620;1106;"P";70;FALSE;0;"NGz";518,196933907029;644,51326657475;1,24376125060281;"s90"
248;69258;"140-1";1;100;698;883;"P";86;FALSE;1;"NGz";477,084858681751;502,506316794503;1,05328498201137;"G3"
249;69266;"140-1";1;90;698;1283;"P";86;FALSE;1;"NGz";539,435135385391;644,51326657475;1,19479289407852;"s90"
250;69267;"140-1";1;90;698;1283;"P";86;FALSE;1;"NGz";539,435135385391;644,51326657475;1,19479289407852;"s90"
251;69315;"151-1";1;90;609;2118;"G";68;TRUE;1;"NGz";579,10878404578;644,51326657475;1,11293989027768;"s90"
252;69321;"264-1";1;90;622;1146;"P";70;FALSE;0;"NGz";503,271514856749;644,51326657475;1,28064722033434;"s90"
253;69322;"185-2";1;90;609;2435;"P";62;TRUE;1;"NGz";577,298397795873;644,51326657475;1,11643002827568;"s90"
254;69374;"Re 421-1";1;100;635;1475;"P";70;TRUE;1;"FGz";495,910802096028;644,51326657475;1,29965563131643;"s90"
255;75852;"Re 421-1";1;100;595;1370;"P";68;TRUE;1;"NGz";487,869900484532;502,506316794503;1,0300006544684;"G3"
256;79421;"185-2";1;100;629;1685;"P";80;TRUE;1;"NGz";503,276651688776;502,506316794503;1;"G3"
257;83736;"145-2";1;100;517;1079;"P";70;TRUE;1;"NGz";467,382109853291;502,506316794503;1,07515094437876;"G3"
258;83760;"Re 482-2";1;90;399;2064;"P";56;TRUE;1;"NGz";543,669879784875;644,51326657475;1,1854864331086;"s90"
259;83842;"151-1";1;100;414;598;"P";76;TRUE;1;"NGz";432,291602059224;502,506316794503;1,16242442462637;"G3"
260;83892;"185-2";1;90;379;1835;"P";56;TRUE;1;"NGz";534,331726540654;644,51326657475;1,20620437559908;"s90"
261;90995;"185-2";1;90;719;3075;"G";65;TRUE;1;"GzG";668,816333078269;668,816333078269;1;"no"
262;91049;"185-2";1;100;608;1085;"P";75;TRUE;1;"NGz";461,23418752578;502,506316794503;1,08948193864406;"G3"
263;91060;"185-2";1;90;569;1875;"G";65;TRUE;1;"NGz";563,754020658364;644,51326657475;1,14325262961686;"s90"
264;91210;"185-2";1;90;619;2485;"P";60;TRUE;1;"NGz";581,267535284856;644,51326657475;1,1088065777816;"s90"
265;91271;"185-2";1;90;519;935;"P";68;TRUE;1;"NGz";481,368422415126;644,51326657475;1,33891887494633;"s90"
266;91275;"Re 482-2";1;100;589;884;"P";68;TRUE;1;"NGz";446,457756535906;502,506316794503;1,12554056780978;"G3"
267;93938;"264-1";1;100;473;656;"P";75;FALSE;0;"NGz";442,945160159485;502,506316794503;1,13446620934649;"G3"
268;95017;"185-2";1;90;669;1285;"P";70;TRUE;1;"FGz";500,660570641527;644,51326657475;1,28732579389844;"s90"
269;95020;"185CL1-1";1;90;619;2384;"G";67;FALSE;1;"GzG";599,915914613198;644,51326657475;1,07433933802257;"s90"
270;95105;"142-1";2;80;506;2865;"P";58;FALSE;1;"FGz";590,772363693401;590,772363693401;1;"no"
271;95154;"185-2";1;100;719;1285;"P";63;FALSE;1;"FGz";474,404891661309;502,506316794503;1,05923510829491;"G3"
272;95445;"185-2";1;100;585;760;"P";68;TRUE;1;"NGz";441,272232612723;502,506316794503;1,13876713660232;"G3"
273;95641;"143-6";1;100;580;782;"P";67;FALSE;1;"FGz";470,009204660738;502,506316794503;1,06914143768146;"G3"
274;99668;"143-6";1;95;575;1282;"P";58;FALSE;1;"FGz";536,092805692944;644,51326657475;1,20224196208279;"s90"
